32054
24203
8431
20620
8070
4761
27915
1953
11087
21091
8570
14124
15716
9286
21686
24339
19488
760
15652
10355
14146
32276
24463
10814
2555
17362
469
24873
9030
30741
13792
24261
14456
31916
4312
29675
26136
3793
25239
23134
17136
24054
350
8620
10596
32706
32198
25429
11011
25942
21241
559
25180
13780
26401
30985
5907
12834
28705
31887
26676
1515
4228
29806
28870
10727
16562
4024
6820
15197
22634
30857
5000
27878
19564
27371
6249
29811
29814
13047
2823
6801
28018
22077
1476
20204
27630
27750
25013
26130
4812
27416
25337
25722
8763
26906
32585
31429
4838
7353
29393
5955
29035
6506
5950
12473
3598
4272
12569
11874
21679
6720
10067
4403
24825
18276
22817
16995
8925
1437
1546
11051
10046
5260
31805
31179
22766
4882
297
14285
19930
26551
10312
5517
29825
2120
3131
3833
13739
25796
7708
19862
24151
31098
32528
27588
26101
19563
6171
32066
25813
23029
25657
244
20192
13491
8362
8164
18054
23711
22413
23944
7159
4473
30896
7491
19606
9325
29863
8493
5802
3312
3611
26135
30039
17643
21861
202
6350
12315
603
24720
11968
4791
8298
6902
3864
23380
16614
9423
8425
17415
10141
7292
2981
3785
9650
2411
2193
24863
5801
13534
26741
762
13246
32750
8600
1243
12667
23247
31211
4412
23433
16725
8581
27948
8903
24759
20815
27705
20889
19092
16897
23442
23171
22835
3917
10349
29942
10511
23385
17831
31849
19347
18035
5290
17836
5922
3841
21908
24185
14426
28086
25238
27469
26778
524
15001
6005
28097
25326
7976
19308
18233
10164
18826
7524
11317
32085
31534
12323
16182
7128
27981
29712
6868
12300
25546
32398
7099
3449
26461
27528
3060
15510
27376
32077
4966
14653
24649
28319
4508
30043
32746
11014
17608
29676
18485
24939
25096
4135
30676
9441
745
17653
1880
4038
3114
2216
26144
7435
29122
4330
32381
11216
31779
4851
17683
24884
29377
21504
22403
23659
20430
7680
28231
28945
24904
27792
9693
23485
31542
26153
25383
9434
7983
30104
22290
9650
15643
6063
25974
25548
28990
12603
29501
13944
25458
310
24520
27304
11187
829
11662
22785
24545
22084
7686
8754
11970
31624
17608
1413
11335
453
21999
1459
13072
28841
13249
20477
32561
2185
32658
6520
26167
10836
12773
26281
20582
31685
32213
29009
22341
7132
947
8330
11613
31630
5873
18195
13117
11964
6974
7145
24001
18786
15603
8471
20884
7441
2222
27854
22516
27295
9788
2232
4277
23581
15037
23434
1417
23305
13826
20697
638
5829
3898
13102
22472
20296
13518
27740
26817
14356
13193
8209
11310
1895
22780
21676
452
1462
21793
7758
235
12631
7998
52
9409
19070
8716
30788
31074
23402
29465
26853
11879
4320
6507
21780
12972
30425
10086
8885
15703
28024
11248
22310
26645
27198
16082
538
16039
22913
11361
19109
26526
13338
1119
21139
19042
7519
4124
25598
22137
7505
29664
7456
20486
19222
32653
3685
17808
31657
29313
32452
4869
18640
14010
19024
5631
1102
22333
3850
30533
27482
13752
7162
11669
11857
17254
22142
7585
8360
16691
2529
31575
9508
19233
21807
20581
10829
13034
11080
19453
19232
28135
6452
16341
26628
6704
18102
28275
19455
24325
25892
3751
12842
11372
117
10329
16226
7708
26268
11908
17473
1434
6421
31363
23372
24482
31933
3212
14190
14536
15334
13690
13990
17759
3755
3535
3324
12442
23937
24057
7097
26353
29199
23508
18647
24518
10816
24945
27319
10825
24982
278
7186
16793
1217
6789
3122
27692
880
21889
8034
10864
5223
9615
29603
30898
32721
15098
7584
26688
25560
1305
12772
21450
10100
10708
28235
13070
3968
5733
6070
20917
10771
3420
24579
28023
1037
21990
26685
32646
23792
28750
13071
13610
19698
29636
7039
23464
4432
31070
9177
17257
29412
14428
12520
24152
31482
14256
1388
7564
27232
14526
4553
21031
9916
16224
27645
5502
4642
23341
980
31866
230
5627
26463
6718
16815
11170
11170
5641
27597
28419
19853
22622
26573
73
7982
4963
26186
14447
5412
10888
14598
28163
2135
15720
16953
30505
16358
23028
28200
3298
22369
6606
27386
29582
21817
12019
4807
3248
1396
9117
15347
13810
27813
20840
25530
6505
26396
21427
26379
21273
18522
31049
15770
4028
3784
31041
27441
2239
32680
28450
6982
398
16203
25163
6867
10769
14724
23698
9314
2678
28254
21548
12903
23602
30474
27853
19411
29762
22299
21519
32486
8887
28150
15640
32325
11121
7299
16247
5196
15403
29481
7504
24741
952
31738
13497
5146
20107
29994
8291
7847
19581
4038
19325
980
25547
1698
31957
18754
13662
8596
7489
13187
13904
30943
15677
17710
683
3314
7637
13363
19828
1619
16582
18797
4584
12758
17376
24182
27141
3346
2990
28095
11852
30485
345
26848
17094
22871
26570
18732
13637
23789
3087
3721
4332
32767
21760
8319
2801
8060
30242
17806
27810
18700
18891
9413
24230
26951
5767
1424
31110
10788
17339
16850
16236
5556
16776
7731
25386
20752
10226
31932
125
912
20802
7585
10643
15933
29608
25181
28108
30601
32293
18180
15806
28478
15528
1493
20603
3765
1912
6415
28182
6472
465
3847
17251
16649
11218
25718
8959
29621
19351
22807
22416
29667
29090
29298
27470
4737
7295
8434
2243
7297
16295
15166
22734
20688
12710
17350
494
29320
17785
11420
11453
19302
4922
3462
12731
12926
13311
81
21581
27437
29951
5992
12038
28752
17910
8869
13604
32691
26315
13926
27998
31181
6256
10468
18909
27050
21771
31168
16776
18728
21331
22495
3716
21862
22844
14712
13819
1914
8662
14955
15645
1378
23154
13525
12133
7997
31496
18401
23070
11452
32213
16609
24869
24275
14920
6813
4336
22964
26399
1770
4559
11005
1998
13951
24690
28720
18720
21253
12204
16741
4384
24429
6006
13371
17978
29318
13623
2836
4510
32719
8515
25730
8421
8842
23969
32508
10999
7953
8721
25814
15404
3693
10573
5232
3505
26661
25488
30893
27694
24148
12885
17830
29093
16382
4449
3488
5790
21924
20739
8764
24193
27670
17819
5614
9027
393
4185
29104
17476
18665
25927
29432
15480
30577
29322
26087
25542
4216
19685
28611
24493
9102
1406
23975
1837
12487
19685
19321
15845
10071
18258
14109
2681
12895
30254
21480
27702
